1111 11 0.3 1.6 0.9 1.6 1.5 1.6 2.1 1.6
0.3 1.48 0
0.3 1.48 1.30
0.3 0.98 5.0
0.3 0.79 1.90
0.3 0.48 3.10
0.3 0.48 2.50
0.3 0.48 1.30
0.3 0.65 1.70
0.3 0.78 1.30
0.3 1.28 5.0
0.3 1.48 2.0
0.9 1.59
0.9 1.59
0.9 1.1
0.9 1.1
0.9 1.1
0.9 1.1
0.9 1.1
0.9 1.1
0.9 1.1
0.9 1.59
0.9 1.59
1.5 1.28
1.5 1.28
1.5 1.28
1.5 1.59
1.5 1.28
1.5 1.28
1.5 1.28
1.5 1.59
1.5 1.28
1.5 1.28
1.5 1.28
2.1 1.59
2.1 1.3
2.1 1.3
2.1 1.3
2.1 1.3
2.1 1.59
2.1 1.3
2.1 1.3
2.1 1.3
2.1 1.3
2.1 1.59